     0/399     0.87G    0.1246   0.02117         0    0.1457         7       384  0.001278    0.1071 0.0001566 2.304e-05     0.119    0.0161         0
     1/399     1.07G    0.1173   0.02182         0    0.1391        10       384 0.0001383   0.01382 2.606e-06 3.945e-07    0.1202     0.016         0
     2/399     1.07G    0.1137   0.02233         0    0.1361         5       384 0.0003117    0.0311 1.136e-05 1.663e-06    0.1133   0.01641         0
     3/399     1.07G    0.1099   0.02412         0     0.134         6       384 0.0007767   0.01728 4.569e-05 5.949e-06    0.1028   0.01946         0
     4/399     1.07G    0.1043   0.02726         0    0.1316         4       384  0.002204   0.01451 0.0002318 3.609e-05   0.09887   0.02003         0
     5/399     1.07G   0.09742   0.03014         0    0.1276         8       384   0.01092    0.1044  0.002703 0.0003914   0.09346   0.02105         0
     6/399     1.07G   0.09283   0.03032         0    0.1231         2       384    0.1249    0.1783    0.0415  0.007321   0.08362   0.02341         0
     7/399     1.07G   0.08894   0.03076         0    0.1197         3       384    0.1404    0.1894   0.06395   0.01202   0.07918   0.02275         0
     8/399     1.07G    0.0815   0.02946         0     0.111         5       384    0.2076    0.3425    0.1425   0.02913   0.07403   0.02218         0
     9/399     1.07G   0.07841   0.02986         0    0.1083         7       384    0.1742    0.3455     0.122   0.02312     0.075   0.02029         0
    10/399     1.07G   0.07828   0.02901         0    0.1073         5       384    0.1926    0.3732    0.1404   0.02651   0.07178   0.01989         0
    11/399     1.07G   0.07501   0.02872         0    0.1037         6       384    0.2693     0.454    0.2264   0.04705   0.06841   0.01982         0
    12/399     1.07G   0.07565   0.02657         0    0.1022         5       384     0.293    0.3288    0.2059   0.04707   0.06763   0.01978         0
    13/399     1.07G   0.07606   0.02678         0    0.1028         9       384    0.2223    0.3234    0.1672   0.03746   0.07214   0.02066         0
    14/399     1.07G   0.07476    0.0267         0    0.1015         5       384    0.2826    0.4133     0.227   0.04505   0.06723   0.01941         0
    15/399     1.07G   0.07279   0.02589         0   0.09867         2       384    0.2777    0.2744    0.1675   0.03839   0.06785   0.02112         0
    16/399     1.07G   0.06981    0.0262         0   0.09601         9       384    0.3144    0.3877    0.2776   0.06352    0.0664   0.01916         0
    17/399     1.07G   0.06847   0.02639         0   0.09486         8       384    0.3595     0.414    0.3173   0.08547   0.06332   0.01798         0
    18/399     1.07G   0.06902   0.02615         0   0.09517         6       384    0.3671    0.3296    0.2768   0.06104   0.06494   0.01797         0
    19/399     1.07G   0.06759   0.02549         0   0.09308         9       384     0.259    0.4451    0.2357    0.0494   0.06274      0.02         0
    20/399     1.07G   0.06585   0.02491         0   0.09077         9       384     0.182    0.1776   0.09332   0.02216   0.07103   0.02436         0
    21/399     1.07G    0.0668   0.02503         0   0.09183         4       384    0.2545    0.4568    0.2675   0.06473   0.06351    0.0182         0
    22/399     1.07G    0.0652   0.02472         0   0.08992         6       384    0.2123    0.3801      0.17   0.03409   0.06871    0.0201         0
    23/399     1.07G   0.06426   0.02532         0   0.08958         8       384    0.1422    0.1351   0.06144   0.01218   0.07365   0.02447         0
    24/399     1.07G   0.06469    0.0256         0   0.09029         6       384    0.1966    0.1299    0.0541   0.01204   0.08209   0.02171         0
    25/399     1.07G   0.06357   0.02484         0    0.0884         4       384    0.3913    0.4416    0.3546    0.1011   0.05779   0.01954         0
    26/399     1.07G   0.06207   0.02522         0   0.08729         7       384    0.4052    0.5432    0.4033    0.1217   0.05599   0.01795         0
    27/399     1.07G   0.06192   0.02346         0   0.08538         3       384    0.4213    0.4831     0.374    0.1051   0.05664   0.01826         0
    28/399     1.07G   0.05977   0.02547         0   0.08524         4       384    0.4384    0.4554    0.4052     0.104   0.05588   0.01731         0
    29/399     1.07G     0.059   0.02553         0   0.08453         9       384    0.3595    0.3635    0.2696    0.0786   0.06034   0.02218         0
    30/399     1.07G   0.06089   0.02409         0   0.08498         9       384    0.4679    0.5114    0.4434    0.1288   0.05456   0.01743         0
    31/399     1.07G   0.05991   0.02425         0   0.08416         3       384    0.5358    0.6082    0.5699    0.1803   0.05028   0.01696         0
    32/399     1.07G   0.05803   0.02518         0   0.08321        14       384    0.4884    0.5038     0.462    0.1483   0.05459   0.01791         0
    33/399     1.07G   0.05832   0.02429         0   0.08261        14       384    0.4424    0.4841    0.4136     0.128   0.05475   0.01833         0
    34/399     1.07G   0.05736   0.02481         0   0.08217        12       384    0.5008    0.5777    0.5127    0.1559   0.05276   0.01685         0
    35/399     1.07G   0.05772   0.02498         0    0.0827        11       384    0.4963    0.5549    0.4779    0.1374   0.05405   0.01683         0
    36/399     1.07G   0.05709   0.02367         0   0.08076         8       384     0.304    0.3974    0.2464   0.07267   0.06349   0.01926         0
    37/399     1.07G   0.05621   0.02289         0    0.0791         6       384    0.4973    0.5508    0.5178    0.1583   0.05303    0.0175         0
    38/399     1.07G   0.05726   0.02443         0   0.08169        11       384    0.5255    0.4755    0.4354    0.1234    0.0536   0.01757         0
    39/399     1.07G   0.05647     0.025         0   0.08146         7       384    0.5405    0.5536    0.5424    0.1908   0.05191   0.01626         0
    40/399     1.07G   0.05603   0.02387         0    0.0799         4       384    0.4003    0.3903    0.3264   0.09844   0.05857   0.01968         0
    41/399     1.07G    0.0565   0.02457         0   0.08106        14       384    0.5624    0.5404    0.5363    0.1723   0.05301   0.01671         0
    42/399     1.07G   0.05553   0.02389         0   0.07942        10       384    0.5634    0.6296    0.6196    0.2047   0.04873   0.01631         0
    43/399     1.07G   0.05465   0.02362         0   0.07826         6       384    0.5765    0.6164    0.6124    0.2041   0.04929   0.01626         0
    44/399     1.07G   0.05434   0.02296         0    0.0773        10       384    0.4575    0.3856     0.347   0.09469   0.06027   0.01892         0
    45/399     1.07G   0.05501   0.02335         0   0.07836         6       384    0.5518    0.6287    0.5912    0.1868   0.04966   0.01669         0
    46/399     1.07G   0.05359    0.0232         0    0.0768         7       384    0.5293    0.5985    0.5516    0.1826   0.05003   0.01657         0
    47/399     1.07G   0.05259   0.02271         0    0.0753         5       384    0.5899    0.6814    0.6526    0.2307     0.048   0.01534         0
    48/399     1.07G   0.05404   0.02365         0   0.07769         5       384    0.5649    0.5736    0.5755    0.1937   0.04925   0.01637         0
    49/399     1.07G   0.05341   0.02392         0   0.07733        13       384    0.5654    0.6379    0.6067    0.2083   0.04791   0.01581         0
    50/399     1.07G    0.0542   0.02379         0   0.07799        13       384    0.3381    0.3089    0.2075    0.0496   0.07054   0.01957         0
    51/399     1.07G   0.05398   0.02393         0   0.07792         7       384    0.5668    0.5715    0.5632    0.1752   0.05044   0.01627         0
    52/399     1.07G   0.05237   0.02274         0   0.07511         8       384    0.5754    0.5881    0.5706    0.1849   0.05069   0.01608         0
    53/399     1.07G   0.05294   0.02304         0   0.07598        12       384    0.6177    0.5729     0.608    0.2099   0.04769   0.01588         0
    54/399     1.07G   0.05287   0.02413         0     0.077         6       384    0.6387     0.613    0.6405    0.2251    0.0468   0.01556         0
    55/399     1.07G   0.05252    0.0238         0   0.07632        13       384    0.4608    0.5045    0.4218    0.1335   0.05372   0.01791         0
    56/399     1.07G   0.05401    0.0234         0   0.07741         5       384    0.6125    0.6793     0.674    0.2405   0.04572   0.01551         0
    57/399     1.07G   0.05318   0.02372         0   0.07689         7       384    0.6139    0.5598    0.5998    0.2004    0.0497    0.0161         0
    58/399     1.07G   0.05377   0.02249         0   0.07626        13       384    0.6377    0.6545     0.672    0.2401   0.04562   0.01528         0
    59/399     1.07G    0.0523   0.02427         0   0.07656         4       384     0.661    0.6227    0.6735    0.2419   0.04682   0.01521         0
    60/399     1.07G   0.05348   0.02389         0   0.07737         2       384     0.672    0.6257     0.682    0.2367   0.04567   0.01522         0
    61/399     1.07G   0.05268   0.02239         0   0.07507         9       384    0.6809    0.6026    0.6796    0.2461   0.04588   0.01558         0
    62/399     1.07G   0.05194   0.02317         0   0.07511        12       384     0.567    0.6298    0.6087    0.2034   0.04742   0.01639         0
    63/399     1.07G   0.05163   0.02247         0   0.07411         6       384    0.5794    0.6185    0.6196    0.2083   0.04707   0.01604         0
    64/399     1.07G   0.05089   0.02208         0   0.07296        10       384    0.6584    0.6461    0.6872    0.2433   0.04401   0.01516         0
    65/399     1.07G   0.05192   0.02325         0   0.07517         2       384     0.637    0.5874     0.627     0.207   0.04593   0.01603         0
    66/399     1.07G   0.05182   0.02284         0   0.07466         5       384    0.6696    0.6227    0.6732    0.2369   0.04463   0.01549         0
    67/399     1.07G   0.05164   0.02326         0    0.0749         4       384    0.6837     0.633    0.7035    0.2545   0.04516   0.01512         0
    68/399     1.07G   0.05256   0.02261         0   0.07516        11       384    0.6916     0.631    0.7032    0.2416   0.04501   0.01503         0
    69/399     1.07G   0.05028   0.02341         0   0.07369         4       384    0.6785    0.6164     0.679    0.2423   0.04643   0.01528         0
    70/399     1.07G   0.05129   0.02301         0    0.0743        11       384    0.4813    0.4419    0.3951    0.1089   0.05775    0.0177         0
    71/399     1.07G   0.05139   0.02321         0    0.0746         4       384    0.6816    0.6379    0.6794    0.2373   0.04507   0.01547         0
    72/399     1.07G   0.05096   0.02228         0   0.07324        14       384    0.7039    0.6952    0.7425    0.2777   0.04365   0.01473         0
    73/399     1.07G   0.05046   0.02296         0   0.07342         8       384    0.7085    0.5874    0.6928    0.2518   0.04422   0.01551         0
    74/399     1.07G   0.04902   0.02202         0   0.07105        13       384    0.7124     0.719    0.7505    0.2808   0.04316   0.01467         0
    75/399     1.07G   0.04937   0.02332         0   0.07269        10       384    0.6821    0.6869    0.7299     0.273   0.04366   0.01474         0
    76/399     1.07G    0.0504   0.02218         0   0.07259         8       384    0.7413    0.6475    0.7511    0.2786   0.04341   0.01458         0
    77/399     1.07G   0.04918   0.02299         0   0.07217        13       384    0.6842    0.7443    0.7626    0.2974   0.04247   0.01452         0
    78/399     1.07G   0.05051   0.02304         0   0.07355         6       384    0.6404    0.7052    0.7217    0.2705   0.04408   0.01537         0
    79/399     1.07G   0.04946   0.02245         0    0.0719         3       384    0.6215    0.5114    0.5803     0.192   0.04745   0.01655         0
    80/399     1.07G   0.05108   0.02224         0   0.07332         5       384    0.6995    0.7304    0.7543    0.2871   0.04167   0.01466         0
    81/399     1.07G   0.04958   0.02255         0   0.07213         6       384    0.6754    0.7609    0.7678    0.2926   0.04325   0.01437         0
    82/399     1.07G   0.05034   0.02182         0   0.07216         8       384    0.4888    0.4758    0.4214    0.1173   0.05564   0.01654         0
    83/399     1.07G   0.04992    0.0225         0   0.07242        14       384    0.6926    0.6869    0.7379    0.2634    0.0443   0.01503         0
    84/399     1.07G   0.04993   0.02228         0   0.07221         3       384    0.7175    0.6793    0.7452    0.2792   0.04288   0.01499         0
    85/399     1.07G   0.04968   0.02273         0    0.0724         8       384     0.755    0.6849    0.7528    0.2963    0.0426   0.01488         0
    86/399     1.07G   0.04834   0.02247         0   0.07081        11       384    0.5268    0.4724    0.4586    0.1468   0.05126    0.0172         0
    87/399     1.07G    0.0498    0.0218         0   0.07159        12       384     0.736    0.6586     0.711    0.2639   0.04364   0.01539         0
    88/399     1.07G   0.04821   0.02259         0    0.0708        11       384    0.7252    0.7496    0.7818    0.3067   0.04119   0.01457         0
    89/399     1.07G   0.04938   0.02203         0   0.07141         4       384    0.7089    0.6441    0.7105    0.2684   0.04304   0.01514         0
    90/399     1.07G   0.04785    0.0224         0   0.07024         4       384    0.7032    0.7353     0.769    0.2922   0.04253   0.01492         0
    91/399     1.07G   0.04949   0.02283         0   0.07232         8       384    0.3352    0.3601    0.2714   0.07032   0.06536   0.01897         0
    92/399     1.07G   0.04872   0.02244         0   0.07116         6       384    0.7779    0.7339    0.8007    0.3194   0.04069   0.01409         0
    93/399     1.07G   0.04907   0.02064         0   0.06972         4       384    0.7397    0.7526    0.7981    0.3217   0.04004   0.01438         0
    94/399     1.07G   0.04983   0.02201         0   0.07183        11       384    0.7246    0.7616    0.7916    0.3153   0.04156   0.01438         0
    95/399     1.07G   0.04848   0.02175         0   0.07023        12       384    0.6992     0.745    0.7587    0.2956   0.04266   0.01453         0
    96/399     1.07G   0.04832   0.02172         0   0.07004         9       384    0.7338    0.7222    0.7778    0.3028   0.04196    0.0145         0
    97/399     1.07G   0.04902   0.02216         0   0.07118         7       384    0.7876    0.7395    0.8181    0.3266   0.04054   0.01398         0
    98/399     1.07G   0.04818   0.02231         0    0.0705         4       384     0.723     0.772    0.8047    0.3202    0.0409   0.01406         0
    99/399     1.07G   0.04808    0.0223         0   0.07038        14       384     0.709    0.6427    0.7271    0.2715   0.04231   0.01494         0
   100/399     1.07G   0.04695   0.02174         0   0.06869         9       384    0.7453    0.7685    0.7884    0.3093   0.04135   0.01412         0
   101/399     1.07G   0.04821   0.02079         0   0.06899         7       384    0.7482    0.7899    0.8187    0.3289   0.04053   0.01389         0
   102/399     1.07G    0.0478   0.02093         0   0.06873         4       384    0.7673    0.7339    0.8049    0.3276   0.03925   0.01407         0
   103/399     1.07G   0.04766   0.02204         0    0.0697         3       384     0.752      0.75    0.7942    0.3125   0.04086   0.01437         0
   104/399     1.07G   0.04762   0.02197         0   0.06959         3       384    0.7714    0.7567    0.8189    0.3205   0.04093   0.01408         0
   105/399     1.07G   0.04761   0.02199         0    0.0696         5       384    0.7379    0.7713    0.8075    0.3126   0.04043   0.01428         0
   106/399     1.07G   0.04797   0.02167         0   0.06965         6       384    0.7122    0.7858    0.7928    0.3167   0.03998   0.01418         0
   107/399     1.07G   0.04646   0.02185         0   0.06831         7       384    0.7449      0.66    0.7404    0.3002     0.042    0.0149         0
   108/399     1.07G   0.04803   0.02113         0   0.06916         8       384    0.6903     0.718    0.7639    0.2997   0.04121    0.0142         0
   109/399     1.07G   0.04754   0.02146         0     0.069        13       384     0.768    0.7623    0.8093    0.3349   0.03986   0.01388         0
   110/399     1.07G   0.04868   0.02222         0    0.0709         6       384    0.7499    0.7689    0.8012    0.3092   0.04065   0.01376         0
   111/399     1.07G    0.0488   0.02119         0   0.06999         6       384    0.7861    0.7898    0.8355     0.334   0.04008   0.01377         0
   112/399     1.07G   0.04775   0.02234         0    0.0701         9       384    0.7412    0.7768    0.8195    0.3432   0.03938   0.01394         0
   113/399     1.07G   0.04774   0.02167         0   0.06941         7       384    0.6094    0.6859    0.6692    0.2484   0.04314   0.01594         0
   114/399     1.07G   0.04692   0.02211         0   0.06904        10       384    0.7225    0.7415    0.7699    0.2944   0.04093   0.01471         0
   115/399     1.07G   0.04817   0.02114         0   0.06931         6       384    0.7626    0.7814    0.8231    0.3324   0.04031   0.01403         0
   116/399     1.07G   0.04677   0.02183         0    0.0686         6       384    0.7298    0.7838    0.8079    0.3242   0.03921    0.0141         0
   117/399     1.07G   0.04617   0.02115         0   0.06732         7       384    0.7273    0.8093    0.8202    0.3419   0.03842   0.01406         0
   118/399     1.07G   0.04668   0.02187         0   0.06855         5       384    0.5406    0.5128    0.5045    0.1612   0.05438   0.01553         0
   119/399     1.07G   0.04637   0.02137         0   0.06775         7       384    0.7869    0.7941    0.8419    0.3455   0.03939    0.0137         0
   120/399     1.07G   0.04782   0.02177         0   0.06959         4       384    0.6503    0.5887    0.6338    0.2275    0.0482   0.01511         0
   121/399     1.07G   0.04623   0.02083         0   0.06706        10       384    0.7953    0.7491    0.8228    0.3362   0.03935   0.01346         0
   122/399     1.07G   0.04705   0.02082         0   0.06788        11       384    0.8387    0.7544    0.8545    0.3657   0.03773   0.01327         0
   123/399     1.07G   0.04617   0.02199         0   0.06816         9       384    0.8172    0.8002     0.866    0.3727     0.038   0.01314         0
   124/399     1.07G   0.04684    0.0217         0   0.06854        12       384    0.8168    0.7692    0.8417    0.3436   0.04013   0.01353         0
   125/399     1.07G   0.04699   0.02118         0   0.06817         7       384    0.7827     0.722    0.8051    0.3259   0.04023   0.01389         0
   126/399     1.07G   0.04609   0.02118         0   0.06727         9       384    0.6748    0.6393    0.6755    0.2504   0.04487    0.0152         0
   127/399     1.07G   0.04399   0.02101         0     0.065        10       384    0.8248    0.7954    0.8687    0.3743   0.03764   0.01315         0
   128/399     1.07G   0.04591    0.0217         0   0.06761         9       384    0.7291    0.7595    0.7912    0.3206   0.03843   0.01428         0
   129/399     1.07G   0.04524   0.02147         0   0.06671        11       384    0.8357    0.8048    0.8656    0.3791    0.0369   0.01319         0
   130/399     1.07G    0.0452   0.02057         0   0.06576         5       384    0.8246    0.8153    0.8681    0.3596   0.03772   0.01316         0
   131/399     1.07G   0.04506   0.02051         0   0.06557         3       384    0.7824    0.8424    0.8648    0.3622   0.03789   0.01308         0
   132/399     1.07G   0.04602     0.021         0   0.06702        11       384     0.809    0.8176    0.8668    0.3761   0.03756   0.01312         0
   133/399     1.07G   0.04515   0.02027         0   0.06542         9       384    0.7672    0.7401    0.8027    0.3445   0.03879   0.01383         0
   134/399     1.07G   0.04417   0.02163         0    0.0658        12       384     0.807    0.8563    0.8858    0.3942   0.03688   0.01294         0
   135/399     1.07G   0.04553   0.02082         0   0.06635         9       384    0.7358    0.6745    0.7538    0.2845    0.0421    0.0142         0
   136/399     1.07G   0.04506   0.02204         0    0.0671         8       384    0.8029    0.8148    0.8639    0.3703   0.03737    0.0133         0
   137/399     1.07G   0.04541   0.02101         0   0.06642        12       384    0.7481    0.7104    0.7683    0.2973   0.04056   0.01397         0
   138/399     1.07G   0.04521   0.02128         0   0.06649         6       384    0.8253    0.8397    0.8866     0.386   0.03685   0.01285         0
   139/399     1.07G   0.04453   0.02133         0   0.06586        11       384    0.7236     0.689    0.7472    0.2827   0.04004    0.0146         0
   140/399     1.07G   0.04491    0.0217         0    0.0666        15       384     0.841    0.8487    0.8937    0.4086   0.03545   0.01263         0
   141/399     1.07G   0.04419    0.0206         0   0.06479         8       384    0.8337    0.8293    0.8887    0.4056   0.03545   0.01271         0
   142/399     1.07G   0.04392   0.02077         0   0.06469         1       384    0.7976    0.8523    0.8872    0.3978   0.03534   0.01285         0
   143/399     1.07G   0.04457   0.02106         0   0.06564         7       384     0.825    0.7443    0.8411    0.3653    0.0371   0.01333         0
   144/399     1.07G   0.04495   0.02141         0   0.06636         6       384    0.8231      0.83    0.8724    0.3839   0.03636   0.01294         0
   145/399     1.07G   0.04421   0.02038         0   0.06459         6       384    0.8567    0.8113    0.8868    0.3918   0.03572   0.01282         0
   146/399     1.07G   0.04486   0.02088         0   0.06573         9       384    0.8324    0.8512    0.8869    0.3922   0.03563   0.01285         0
   147/399     1.07G   0.04531   0.02008         0   0.06539         8       384    0.7261    0.7164    0.7679    0.2996   0.04133    0.0144         0
   148/399     1.07G   0.04388   0.02035         0   0.06423        11       384    0.8722    0.7719    0.8779    0.3883    0.0363   0.01276         0
   149/399     1.07G   0.04444   0.02087         0   0.06531         2       384    0.8113    0.8112    0.8677    0.3931   0.03565   0.01296         0
   150/399     1.07G   0.04394   0.02035         0   0.06429         5       384    0.5796     0.642    0.6325    0.2437    0.0423   0.01658         0
   151/399     1.07G   0.04319   0.02101         0   0.06419         7       384    0.8315    0.8383    0.8921    0.4032   0.03496   0.01282         0
   152/399     1.07G   0.04505   0.02052         0   0.06557        11       384    0.8183    0.8169    0.8627    0.3688   0.03787   0.01334         0
   153/399     1.07G   0.04476   0.02139         0   0.06614        12       384    0.8601     0.848    0.9026    0.4214   0.03503   0.01245         0
   154/399     1.07G   0.04361   0.02006         0   0.06367        13       384    0.8249    0.7657    0.8481    0.3507   0.03728   0.01337         0
   155/399     1.07G   0.04329   0.02033         0   0.06363         4       384    0.7846    0.7664    0.8154     0.321   0.03966   0.01397         0
   156/399     1.07G   0.04332   0.02028         0   0.06359         6       384    0.8198    0.8457    0.8826    0.3942   0.03651   0.01299         0
   157/399     1.07G    0.0432   0.02033         0   0.06353        10       384    0.8447    0.8279    0.8886    0.4032   0.03594   0.01264         0
   158/399     1.07G   0.04278   0.02116         0   0.06394         8       384    0.8139    0.8348     0.875    0.3882   0.03636   0.01287         0
   159/399     1.07G   0.04351   0.02086         0   0.06437        10       384    0.8442    0.8728    0.9039     0.424   0.03405   0.01233         0
   160/399     1.07G   0.04366   0.01999         0   0.06365         9       384    0.8503     0.839    0.8897    0.4146   0.03504   0.01245         0
   161/399     1.07G   0.04329   0.02078         0   0.06407         9       384    0.8459    0.8321    0.8885    0.4098   0.03413   0.01276         0
   162/399     1.07G   0.04422   0.01927         0   0.06349         3       384    0.8524    0.8673    0.9066    0.4249   0.03432   0.01235         0
   163/399     1.07G   0.04227   0.02164         0   0.06391        12       384    0.8429    0.8383    0.8936    0.4022   0.03542   0.01294         0
   164/399     1.07G   0.04402   0.02058         0   0.06459         7       384    0.8271    0.7802    0.8589    0.3633   0.03804    0.0132         0
   165/399     1.07G   0.04268   0.02065         0   0.06333         7       384    0.8613    0.8424    0.9094    0.4274   0.03474   0.01225         0
   166/399     1.07G   0.04263   0.01945         0   0.06208         9       384    0.8634    0.8569    0.9131    0.4407   0.03371   0.01224         0
   167/399     1.07G   0.04207   0.01997         0   0.06204         6       384    0.8529    0.8625     0.908    0.4224   0.03415    0.0124         0
   168/399     1.07G   0.04268   0.01965         0   0.06233         6       384    0.8593    0.8542    0.9072    0.4353   0.03369   0.01245         0
   169/399     1.07G   0.04381   0.02032         0   0.06412         3       384    0.8408    0.8258    0.8844    0.3959   0.03639   0.01274         0
   170/399     1.07G   0.04346   0.02109         0   0.06455         8       384    0.8085    0.8347    0.8793     0.395   0.03596   0.01304         0
   171/399     1.07G   0.04323   0.02086         0   0.06409         6       384    0.6818    0.6708    0.7017    0.2696   0.04142   0.01517         0
   172/399     1.07G   0.04418   0.02046         0   0.06464         9       384    0.7463    0.7381    0.7866    0.3274   0.03911   0.01422         0
   173/399     1.07G   0.04329   0.02156         0   0.06486         8       384    0.8664    0.8542    0.9114    0.4375   0.03364   0.01258         0
   174/399     1.07G   0.04165   0.01961         0   0.06126        10       384    0.8222     0.801     0.855    0.3832   0.03617   0.01339         0
   175/399     1.07G   0.04172   0.01992         0   0.06164         5       384    0.8807    0.8286    0.9066    0.4387   0.03329   0.01211         0
   176/399     1.07G   0.04247   0.02034         0   0.06281         1       384     0.854    0.8448     0.904    0.4246   0.03368   0.01259         0
   177/399     1.07G    0.0418   0.01968         0   0.06148         5       384    0.8821    0.8428    0.9119      0.43   0.03326   0.01229         0
   178/399     1.07G   0.04271   0.01979         0    0.0625         7       384    0.8334    0.8086    0.8717    0.3881   0.03487   0.01317         0
   179/399     1.07G    0.0423   0.01906         0   0.06136        10       384    0.9109    0.8618    0.9276    0.4572   0.03284   0.01178         0
   180/399     1.07G   0.04278   0.02093         0   0.06371         4       384    0.8475    0.8238    0.8734    0.4158   0.03566   0.01276         0
   181/399     1.07G   0.04118   0.02018         0   0.06136         4       384    0.8747     0.812    0.8988    0.4113   0.03506   0.01255         0
   182/399     1.07G   0.04258   0.02059         0   0.06317         9       384    0.8776     0.872    0.9176    0.4525   0.03316   0.01201         0
   183/399     1.07G   0.04205   0.01997         0   0.06202         8       384    0.8648    0.8798     0.916    0.4559   0.03306   0.01183         0
   184/399     1.07G   0.04169   0.02009         0   0.06178         9       384    0.8824    0.8639    0.9172    0.4316   0.03345   0.01228         0
   185/399     1.07G   0.04195   0.02014         0   0.06209        12       384     0.888    0.8666     0.918    0.4358   0.03448   0.01199         0
   186/399     1.07G   0.04186   0.01984         0   0.06169        10       384    0.8844    0.9019     0.937    0.4685   0.03219   0.01179         0
   187/399     1.07G   0.04188    0.0196         0   0.06148        12       384    0.8689    0.8705    0.9165    0.4408   0.03294   0.01223         0
   188/399     1.07G   0.04229   0.02057         0   0.06286        10       384    0.8894    0.8867    0.9267    0.4567   0.03244   0.01171         0
   189/399     1.07G   0.04003   0.01989         0   0.05992        12       384    0.8764    0.8784    0.9195    0.4491   0.03235    0.0121         0
   190/399     1.07G   0.04156   0.01959         0   0.06115         7       384    0.9123    0.8991    0.9395    0.4795   0.03129   0.01149         0
   191/399     1.07G    0.0408   0.02002         0   0.06082        11       384    0.8821     0.895    0.9274    0.4618    0.0324   0.01175         0
   192/399     1.07G   0.04087   0.02034         0   0.06121         9       384    0.8864    0.8788    0.9308    0.4498   0.03296   0.01189         0
   193/399     1.07G   0.04184   0.01902         0   0.06086         5       384     0.903    0.8701    0.9298    0.4394   0.03311   0.01207         0
   194/399     1.07G   0.04156   0.01901         0   0.06057        13       384    0.8664    0.8557    0.9068    0.4252   0.03362   0.01233         0
   195/399     1.07G   0.04159   0.01948         0   0.06108         5       384    0.8926    0.8955    0.9321    0.4638   0.03165   0.01173         0
   196/399     1.07G   0.04035   0.02004         0   0.06039         6       384    0.8677    0.9046    0.9347    0.4743   0.03222   0.01166         0
   197/399     1.07G   0.04129   0.01929         0   0.06057         8       384    0.8709    0.8949     0.931    0.4537   0.03334   0.01174         0
   198/399     1.07G    0.0408   0.02015         0   0.06094         9       384    0.9016    0.8804    0.9375    0.4736   0.03191   0.01169         0
   199/399     1.07G   0.03957   0.02043         0      0.06         8       384    0.8542    0.8465    0.8991    0.4218   0.03389   0.01246         0
   200/399     1.07G   0.03974   0.01941         0   0.05915        11       384    0.8966    0.8708    0.9304    0.4688   0.03191   0.01164         0
   201/399     1.07G   0.04129   0.02008         0   0.06137         7       384    0.8839    0.9053    0.9318    0.4699   0.03142   0.01173         0
   202/399     1.07G   0.04084   0.01902         0   0.05986         6       384    0.8912    0.8784    0.9319     0.456   0.03281   0.01174         0
   203/399     1.07G   0.04045   0.02013         0   0.06058        12       384    0.9112    0.8797    0.9436    0.4899   0.03104   0.01126         0
   204/399     1.07G    0.0398   0.01989         0   0.05968         4       384    0.8962    0.8651    0.9266    0.4507   0.03316   0.01183         0
   205/399     1.07G   0.04114   0.01916         0    0.0603         2       384    0.9127    0.8549    0.9331    0.4772    0.0324   0.01161         0
   206/399     1.07G   0.04064   0.02003         0   0.06067         7       384    0.9075    0.9115    0.9475    0.4881   0.03163   0.01122         0
   207/399     1.07G   0.03917   0.01962         0   0.05879         5       384    0.8777    0.8784    0.9224    0.4526   0.03186   0.01197         0
   208/399     1.07G   0.03974   0.01864         0   0.05837         7       384    0.9107    0.9096    0.9493    0.4899   0.03121   0.01114         0
   209/399     1.07G   0.03913   0.01967         0    0.0588        10       384    0.8953    0.8929    0.9369    0.4756   0.03172   0.01153         0
   210/399     1.07G   0.04002   0.01835         0   0.05837         8       384    0.8902    0.8798    0.9326    0.4549   0.03275   0.01166         0
   211/399     1.07G   0.04052    0.0199         0   0.06042         4       384    0.8946    0.9094    0.9485    0.4946   0.03096   0.01112         0
   212/399     1.07G   0.03977   0.01926         0   0.05902         5       384    0.8571    0.8645    0.9095    0.4377   0.03397   0.01208         0
   213/399     1.07G   0.03952   0.01838         0   0.05789         6       384    0.8669    0.8736    0.9252     0.467   0.03199   0.01175         0
   214/399     1.07G   0.04021   0.01968         0   0.05989         7       384     0.877    0.8525    0.9156    0.4306   0.03463   0.01227         0
   215/399     1.07G   0.03935   0.01991         0   0.05926        12       384    0.9123     0.886    0.9374    0.4803   0.03101   0.01133         0
   216/399     1.07G   0.03938   0.01885         0   0.05824        10       384    0.8922    0.8982    0.9318    0.4839   0.03116   0.01123         0
   217/399     1.07G   0.03941   0.01929         0    0.0587         9       384    0.9057    0.8962    0.9448    0.4883   0.03109   0.01139         0
   218/399     1.07G   0.04049   0.01936         0   0.05985         9       384    0.8986    0.9059     0.941    0.4801   0.03137   0.01123         0
   219/399     1.07G   0.03875   0.01997         0   0.05872        14       384    0.8738    0.9005    0.9316     0.472   0.03203   0.01155         0
   220/399     1.07G   0.04036   0.01944         0   0.05979         6       384    0.8656    0.8694    0.9152    0.4479   0.03335   0.01212         0
   221/399     1.07G   0.03919    0.0189         0    0.0581        13       384    0.9261    0.8991    0.9539    0.4944   0.03216   0.01107         0
   222/399     1.07G   0.03904   0.01954         0   0.05858         2       384     0.838     0.858    0.9029    0.4221   0.03498   0.01233         0
   223/399     1.07G   0.03859   0.01965         0   0.05824        11       384    0.9031    0.8949    0.9395    0.4903   0.03128   0.01118         0
   224/399     1.07G   0.03895   0.01916         0   0.05811         5       384    0.8997    0.9115    0.9454    0.4991   0.03052    0.0113         0
   225/399     1.07G   0.03931   0.01907         0   0.05838        14       384    0.9065    0.8977    0.9502    0.5015   0.03098   0.01105         0
   226/399     1.07G    0.0384   0.01992         0   0.05833         6       384    0.8525    0.8745    0.9148    0.4561   0.03216   0.01194         0
   227/399     1.07G   0.03924   0.01883         0   0.05807         5       384    0.9036     0.915    0.9542    0.5074   0.02976   0.01093         0
   228/399     1.07G    0.0395   0.01946         0   0.05896        12       384     0.904    0.9043    0.9462    0.4934   0.03149   0.01131         0
   229/399     1.07G   0.03909   0.01984         0   0.05893         5       384    0.9025    0.9018    0.9485    0.5065   0.03017   0.01111         0
   230/399     1.07G   0.03743   0.01839         0   0.05583         3       384    0.9257    0.9129    0.9541     0.499    0.0302    0.0111         0
   231/399     1.07G   0.03955   0.01914         0    0.0587         9       384    0.9258    0.9308    0.9637     0.528   0.02896    0.0106         0
   232/399     1.07G   0.03849    0.0184         0   0.05689         4       384    0.9144    0.9003    0.9504     0.492   0.03011    0.0112         0
   233/399     1.07G   0.03857   0.01943         0     0.058         5       384    0.9387    0.9098    0.9629    0.5259   0.02917   0.01071         0
   234/399     1.07G   0.03803   0.01989         0   0.05792        15       384    0.9213    0.9226      0.96    0.5252   0.02936   0.01079         0
   235/399     1.07G   0.03888   0.01809         0   0.05697         9       384    0.9351    0.9157    0.9603    0.5179   0.02909   0.01078         0
   236/399     1.07G   0.03826   0.01869         0   0.05696         7       384    0.9286    0.9162    0.9583    0.5185   0.02936   0.01085         0
   237/399     1.07G   0.03849    0.0184         0   0.05689        15       384     0.909    0.9252    0.9533    0.5169   0.02947   0.01082         0
   238/399     1.07G   0.03948   0.01905         0   0.05852         4       384    0.9081    0.9433    0.9617    0.5218   0.02889    0.0108         0
   239/399     1.07G   0.03793   0.01915         0   0.05708        13       384    0.9243    0.9226    0.9563    0.5271   0.02873   0.01084         0
   240/399     1.07G   0.03712   0.01886         0   0.05598        14       384      0.93    0.9295    0.9594    0.5319   0.02842   0.01064         0
   241/399     1.07G   0.03746   0.01753         0   0.05499         8       384    0.8668    0.8687    0.9148    0.4388   0.03382   0.01219         0
   242/399     1.07G   0.03801   0.01879         0   0.05681        14       384    0.9195     0.923    0.9557    0.5241   0.02919    0.0107         0
   243/399     1.07G   0.03705    0.0184         0   0.05545        13       384      0.92    0.9157     0.956    0.5089   0.02983   0.01095         0
   244/399     1.07G    0.0368   0.01853         0   0.05532        13       384    0.9233    0.9154    0.9515    0.5142    0.0299   0.01062         0
   245/399     1.07G   0.03769   0.01765         0   0.05534        14       384    0.9355    0.9226    0.9607    0.5244   0.02926   0.01055         0
   246/399     1.07G   0.03824   0.01908         0   0.05732         5       384    0.9047    0.9212    0.9517    0.5128   0.02965   0.01092         0
   247/399     1.07G   0.03897   0.01864         0   0.05761         6       384    0.9488    0.9102    0.9623     0.537     0.029   0.01048         0
   248/399     1.07G   0.03789   0.01871         0    0.0566         9       384    0.9311    0.9335    0.9679    0.5421   0.02853   0.01045         0
   249/399     1.07G   0.03768   0.01809         0   0.05577        12       384    0.8992    0.8956    0.9405    0.4844   0.03088   0.01149         0
   250/399     1.07G   0.03653   0.01756         0   0.05409        10       384    0.9352    0.9274    0.9654    0.5522   0.02849   0.01028         0
   251/399     1.07G   0.03734   0.01815         0   0.05548        16       384    0.9229    0.8915    0.9532    0.4906   0.03053   0.01138         0
   252/399     1.07G   0.03737   0.01848         0   0.05585        11       384    0.9214    0.9232    0.9612    0.5355    0.0288   0.01061         0
   253/399     1.07G   0.03692   0.01777         0   0.05469         5       384    0.9292    0.9346    0.9632    0.5367   0.02818    0.0106         0
   254/399     1.07G   0.03673   0.01846         0   0.05519         6       384    0.9152    0.9185    0.9593    0.5261    0.0288   0.01069         0
   255/399     1.07G   0.03701   0.01865         0   0.05566         2       384    0.9355    0.9247    0.9684    0.5643   0.02749   0.01017         0
   256/399     1.07G   0.03714   0.01796         0    0.0551         4       384    0.9144    0.8857    0.9492    0.4884   0.03058   0.01134         0
   257/399     1.07G   0.03741   0.01775         0   0.05516        14       384    0.9234    0.9247    0.9659    0.5485   0.02764   0.01031         0
   258/399     1.07G   0.03859    0.0187         0   0.05729         7       384    0.8051    0.8021    0.8524    0.3967   0.03599   0.01332         0
   259/399     1.07G   0.03683   0.01842         0   0.05525         3       384    0.9095     0.924    0.9621     0.532   0.02865   0.01082         0
   260/399     1.07G   0.03746   0.01799         0   0.05545        12       384    0.9248    0.9355    0.9647     0.546   0.02833   0.01024         0
   261/399     1.07G   0.03715   0.01826         0   0.05541        13       384    0.9292     0.944    0.9689    0.5562   0.02786   0.01024         0
   262/399     1.07G   0.03719   0.01864         0   0.05584         8       384    0.9302    0.9205    0.9654    0.5467   0.02771   0.01059         0
   263/399     1.07G   0.03714   0.01873         0   0.05587        16       384    0.9267    0.9371    0.9665    0.5542   0.02762   0.01035         0
   264/399     1.07G   0.03701   0.01746         0   0.05447        19       384    0.9363    0.9341    0.9684    0.5471   0.02808   0.01041         0
   265/399     1.07G   0.03606   0.01822         0   0.05428         6       384     0.937    0.9155      0.96    0.5348    0.0287    0.0106         0
   266/399     1.07G   0.03669    0.0175         0   0.05419         3       384    0.9053    0.9261     0.958    0.5195   0.02896    0.0109         0
   267/399     1.07G   0.03621    0.0173         0   0.05351         6       384    0.9352    0.9406     0.972    0.5577   0.02723   0.01036         0
   268/399     1.07G    0.0363   0.01846         0   0.05476         4       384    0.9399    0.9426    0.9703    0.5717   0.02661   0.01019         0
   269/399     1.07G   0.03578   0.01778         0   0.05356         9       384    0.9386    0.9302    0.9688      0.56   0.02765   0.01019         0
   270/399     1.07G   0.03645    0.0187         0   0.05515        12       384    0.9522    0.9378    0.9752    0.5708   0.02676   0.01009         0
   271/399     1.07G   0.03621    0.0172         0   0.05341         4       384    0.9517     0.939     0.974    0.5632   0.02699  0.009993         0
   272/399     1.07G   0.03624   0.01808         0   0.05432        10       384    0.9174    0.9444    0.9629    0.5497   0.02766   0.01017         0
   273/399     1.07G   0.03591   0.01812         0   0.05403         6       384    0.9273    0.9378    0.9605    0.5561   0.02736   0.01013         0
   274/399     1.07G   0.03589   0.01708         0   0.05298         3       384    0.9377    0.9362    0.9702    0.5645   0.02717  0.009929         0
   275/399     1.07G   0.03587   0.01905         0   0.05493         4       384    0.9221    0.9247    0.9592    0.5394   0.02864   0.01042         0
   276/399     1.07G   0.03625   0.01653         0   0.05279         7       384    0.9468    0.9343    0.9702    0.5662   0.02716  0.009963         0
   277/399     1.07G   0.03563   0.01768         0   0.05331         8       384    0.9355    0.9136    0.9617    0.5351   0.02835   0.01055         0
   278/399     1.07G   0.03571   0.01853         0   0.05424        14       384    0.9445    0.9405    0.9747    0.5614   0.02748   0.01017         0
   279/399     1.07G   0.03675   0.01769         0   0.05443         5       384    0.9374     0.953    0.9769    0.5705   0.02688  0.009864         0
   280/399     1.07G   0.03603   0.01765         0   0.05368         4       384    0.9412    0.9537    0.9771     0.573   0.02639  0.009887         0
   281/399     1.07G   0.03541   0.01757         0   0.05298        12       384    0.9399    0.9572    0.9801    0.5814   0.02671  0.009785         0
   282/399     1.07G   0.03561   0.01692         0   0.05253         5       384    0.9454    0.9468    0.9762    0.5755   0.02696  0.009947         0
   283/399     1.07G   0.03596   0.01695         0    0.0529        15       384     0.916    0.9272    0.9639    0.5296   0.02898   0.01058         0
   284/399     1.07G   0.03564   0.01739         0   0.05303         7       384    0.9383    0.9565    0.9789    0.5816   0.02646  0.009657         0
   285/399     1.07G     0.035   0.01765         0   0.05265         2       384    0.9318    0.9544    0.9778    0.5736   0.02648  0.009748         0
   286/399     1.07G   0.03659   0.01814         0   0.05473        12       384    0.9367    0.9523    0.9779    0.5795   0.02646  0.009862         0
   287/399     1.07G   0.03488   0.01763         0   0.05251        12       384    0.9521    0.9482    0.9746     0.582   0.02599  0.009631         0
   288/399     1.07G   0.03484   0.01762         0   0.05246         1       384    0.9542    0.9501    0.9788    0.5906   0.02533  0.009521         0
   289/399     1.07G   0.03512   0.01805         0   0.05316        17       384    0.9344     0.906    0.9566    0.5345   0.02846   0.01056         0
   290/399     1.07G   0.03512   0.01724         0   0.05236         7       384     0.946    0.9205    0.9668    0.5504   0.02758   0.01052         0
   291/399     1.07G   0.03464   0.01707         0   0.05171         8       384    0.9295    0.9302    0.9633    0.5487   0.02761   0.01048         0
   292/399     1.07G    0.0345   0.01724         0   0.05174         8       384    0.9515    0.9487     0.975     0.588   0.02617   0.00971         0
   293/399     1.07G    0.0342   0.01687         0   0.05106        13       384    0.9425    0.9516    0.9758    0.5845   0.02622  0.009685         0
   294/399     1.07G   0.03525   0.01721         0   0.05246         7       384     0.939    0.9482     0.973    0.5846   0.02594  0.009717         0
   295/399     1.07G   0.03648   0.01798         0   0.05447         5       384    0.9346    0.9585    0.9762    0.5878   0.02597  0.009676         0
   296/399     1.07G   0.03439   0.01717         0   0.05156         2       384    0.9477    0.9521    0.9781    0.5827   0.02613  0.009685         0
   297/399     1.07G   0.03505   0.01776         0   0.05281        17       384    0.9402    0.9564    0.9777    0.5841   0.02633  0.009675         0
   298/399     1.07G   0.03354   0.01776         0    0.0513         8       384    0.9112    0.9578    0.9722    0.5563   0.02697   0.01032         0
   299/399     1.07G   0.03603   0.01678         0   0.05281         6       384    0.9393    0.9522    0.9784    0.5748   0.02633  0.009836         0
   300/399     1.07G   0.03423   0.01721         0   0.05144         9       384    0.9376    0.9565    0.9756    0.5868   0.02619  0.009815         0
   301/399     1.07G   0.03507   0.01758         0   0.05265         9       384    0.9492     0.956    0.9803    0.5851   0.02594  0.009691         0
   302/399     1.07G     0.034   0.01746         0   0.05147         5       384    0.9416     0.959    0.9808    0.5974   0.02578  0.009488         0
   303/399     1.07G   0.03495   0.01673         0   0.05168        13       384    0.9392    0.9606    0.9781    0.5897   0.02569  0.009574         0
   304/399     1.07G   0.03372   0.01694         0   0.05067         6       384    0.9314    0.9658    0.9805    0.5963   0.02556  0.009501         0
   305/399     1.07G   0.03347     0.018         0   0.05147        10       384    0.9315    0.9544    0.9787    0.5872   0.02594  0.009805         0
   306/399     1.07G   0.03474   0.01745         0   0.05219         4       384     0.943    0.9606    0.9784    0.5984    0.0255  0.009432         0
   307/399     1.07G   0.03376   0.01649         0   0.05025         9       384    0.9245    0.9399    0.9658    0.5275   0.02892   0.01078         0
   308/399     1.07G   0.03485   0.01727         0   0.05212        15       384    0.9481    0.9599    0.9779    0.5937   0.02536  0.009642         0
   309/399     1.07G   0.03492   0.01773         0   0.05265         5       384    0.9326    0.9572     0.976    0.5809    0.0261  0.009622         0
   310/399     1.07G    0.0335   0.01757         0   0.05107         4       384    0.9315    0.9648    0.9784    0.5958   0.02511  0.009618         0
   311/399     1.07G   0.03475   0.01704         0   0.05179         8       384    0.9511    0.9592    0.9826    0.6045   0.02483  0.009407         0
   312/399     1.07G   0.03327   0.01704         0   0.05031         9       384    0.9528    0.9482    0.9812     0.607   0.02452  0.009485         0
   313/399     1.07G   0.03376   0.01713         0   0.05089        15       384    0.9461    0.9592    0.9825    0.6073   0.02447  0.009423         0
   314/399     1.07G   0.03489   0.01683         0   0.05172        10       384    0.9525    0.9578    0.9822    0.6112    0.0245  0.009464         0
   315/399     1.07G    0.0341   0.01639         0   0.05049         6       384    0.9516    0.9637    0.9812    0.6136   0.02471   0.00938         0
   316/399     1.07G   0.03366   0.01614         0    0.0498         6       384    0.9581     0.964    0.9836    0.6159   0.02441  0.009247         0
   317/399     1.07G   0.03341   0.01751         0   0.05092         6       384     0.956    0.9606    0.9807    0.6035   0.02474   0.00935         0
   318/399     1.07G   0.03397   0.01668         0   0.05065         5       384    0.9537    0.9527    0.9803    0.6093   0.02477  0.009379         0
   319/399     1.07G   0.03257   0.01707         0   0.04964         4       384    0.9415    0.9673    0.9816    0.6028   0.02496  0.009285         0
   320/399     1.07G   0.03292   0.01665         0   0.04957         5       384    0.9547    0.9606    0.9816    0.6145   0.02409  0.009269         0
   321/399     1.07G   0.03344   0.01751         0   0.05095        16       384    0.9566    0.9634    0.9825    0.6106   0.02405  0.009207         0
   322/399     1.07G   0.03329   0.01606         0   0.04934         8       384    0.9432    0.9392    0.9747    0.5636    0.0266   0.01004         0
   323/399     1.07G   0.03283    0.0163         0   0.04913         7       384    0.9584    0.9399    0.9771    0.5864    0.0255  0.009766         0
   324/399     1.07G   0.03309   0.01572         0   0.04881         3       384    0.9585    0.9578     0.982    0.6019    0.0245   0.00927         0
   325/399     1.07G   0.03296   0.01587         0   0.04883        10       384    0.9563    0.9565    0.9819    0.6053   0.02469  0.009369         0
   326/399     1.07G    0.0331   0.01623         0   0.04933         6       384    0.9456    0.9606    0.9813    0.6191   0.02415   0.00924         0
   327/399     1.07G   0.03448   0.01609         0   0.05057         5       384    0.9611    0.9565    0.9795    0.6156   0.02414  0.009161         0
   328/399     1.07G   0.03357    0.0166         0   0.05017         7       384    0.9583    0.9585    0.9817    0.6125   0.02415  0.009191         0
   329/399     1.07G   0.03338   0.01596         0   0.04934         4       384    0.9542    0.9502     0.979    0.6012   0.02469  0.009503         0
   330/399     1.07G   0.03317   0.01652         0   0.04969         6       384     0.963    0.9537    0.9805    0.6146   0.02405  0.009208         0
   331/399     1.07G   0.03368    0.0168         0   0.05048         9       384    0.9594    0.9466    0.9794    0.6047   0.02484  0.009492         0
   332/399     1.07G   0.03319   0.01721         0    0.0504         8       384    0.9488    0.9611    0.9797    0.6213    0.0235  0.009175         0
   333/399     1.07G   0.03318     0.017         0   0.05018        17       384    0.9465    0.9668    0.9806    0.6258   0.02348  0.009199         0
   334/399     1.07G   0.03298   0.01594         0   0.04892        10       384    0.9506    0.9585      0.98    0.6213   0.02361  0.009207         0
   335/399     1.07G   0.03223    0.0169         0   0.04913         5       384    0.9561    0.9641    0.9823    0.6281   0.02343  0.009003         0
   336/399     1.07G   0.03184   0.01682         0   0.04867        10       384    0.9573    0.9612    0.9841    0.6236   0.02353    0.0091         0
   337/399     1.07G   0.03231   0.01606         0   0.04837         7       384     0.955    0.9696    0.9836     0.625   0.02339  0.009018         0
   338/399     1.07G   0.03324   0.01678         0   0.05002         6       384    0.9633    0.9619    0.9837    0.6183   0.02388  0.009138         0
   339/399     1.07G   0.03199   0.01582         0   0.04781         1       384    0.9599    0.9585    0.9828    0.6278   0.02348  0.009071         0
   340/399     1.07G    0.0323   0.01691         0   0.04921        12       384    0.9534    0.9606    0.9836    0.6206   0.02398  0.009171         0
   341/399     1.07G   0.03226   0.01565         0   0.04792         3       384    0.9469     0.973    0.9834    0.6288   0.02373  0.008884         0
   342/399     1.07G   0.03224   0.01665         0   0.04888         9       384    0.9602    0.9668    0.9838    0.6226   0.02422  0.008869         0
   343/399     1.07G   0.03181   0.01612         0   0.04793         9       384    0.9602    0.9665    0.9849    0.6278   0.02363   0.00889         0
   344/399     1.07G   0.03266   0.01604         0    0.0487         5       384    0.9679    0.9606    0.9849     0.622   0.02367  0.009033         0
   345/399     1.07G    0.0328   0.01622         0   0.04901         6       384    0.9664    0.9578    0.9846    0.6191   0.02398  0.009096         0
   346/399     1.07G   0.03252   0.01805         0   0.05057        16       384    0.9555    0.9647    0.9856    0.6238   0.02397  0.009202         0
   347/399     1.07G   0.03231   0.01583         0   0.04814         7       384    0.9544    0.9681    0.9842    0.6259   0.02338  0.008988         0
   348/399     1.07G   0.03208   0.01719         0   0.04927         9       384    0.9517    0.9682    0.9831    0.6306   0.02315  0.008958         0
   349/399     1.07G   0.03274   0.01663         0   0.04937        12       384    0.9614    0.9668    0.9844    0.6273   0.02362  0.009016         0
   350/399     1.07G   0.03239   0.01687         0   0.04926         7       384    0.9584    0.9723    0.9846    0.6237   0.02383  0.008875         0
   351/399     1.07G   0.03159   0.01617         0   0.04775        10       384    0.9488     0.973    0.9853    0.6271   0.02363  0.008949         0
   352/399     1.07G   0.03314   0.01666         0   0.04981         7       384    0.9555     0.964    0.9856    0.6446   0.02269  0.008864         0
   353/399     1.07G   0.03308   0.01649         0   0.04958        10       384    0.9542    0.9648    0.9851    0.6382   0.02279  0.008916         0
   354/399     1.07G   0.03216   0.01679         0   0.04895         3       384    0.9644    0.9544    0.9866    0.6276   0.02374  0.009093         0
   355/399     1.07G   0.03228   0.01653         0   0.04881        10       384    0.9626    0.9634    0.9881    0.6422   0.02278  0.008814         0
   356/399     1.07G   0.03305   0.01635         0    0.0494         9       384    0.9568    0.9654    0.9866    0.6375   0.02279  0.008821         0
   357/399     1.07G   0.03212   0.01525         0   0.04738         8       384    0.9624    0.9572    0.9849    0.6239   0.02326   0.00908         0
   358/399     1.07G   0.03142   0.01642         0   0.04784         5       384    0.9571    0.9716    0.9831    0.6388   0.02287  0.008733         0
   359/399     1.07G    0.0312   0.01556         0   0.04676         6       384    0.9563    0.9682    0.9831    0.6324     0.023  0.008797         0
   360/399     1.07G   0.03124   0.01631         0   0.04755         6       384     0.957    0.9688    0.9842    0.6394   0.02276  0.008777         0
   361/399     1.07G    0.0318   0.01652         0   0.04832        14       384    0.9648    0.9661    0.9861    0.6363   0.02282  0.008833         0
   362/399     1.07G   0.03212   0.01585         0   0.04797         2       384    0.9591    0.9723    0.9858    0.6314   0.02282  0.008828         0
   363/399     1.07G   0.03196   0.01703         0     0.049        14       384    0.9562    0.9668    0.9836    0.6403   0.02239  0.008892         0
   364/399     1.07G   0.03118   0.01586         0   0.04704         6       384    0.9654    0.9634     0.982    0.6429   0.02263  0.008823         0
   365/399     1.07G   0.03168   0.01642         0    0.0481         9       384    0.9642    0.9689    0.9828    0.6406   0.02314  0.008839         0
   366/399     1.07G   0.03225   0.01598         0   0.04823         5       384    0.9688    0.9654    0.9842    0.6417   0.02272  0.008847         0
   367/399     1.07G   0.03221   0.01613         0   0.04833         8       384    0.9661    0.9641    0.9846    0.6448   0.02285  0.008756         0
   368/399     1.07G   0.03124   0.01556         0    0.0468         5       384    0.9533     0.973     0.985    0.6374   0.02284  0.008714         0
   369/399     1.07G   0.03141   0.01628         0   0.04769         6       384    0.9648    0.9703    0.9859    0.6345   0.02337  0.008879         0
   370/399     1.07G   0.03082   0.01525         0   0.04607         7       384     0.968    0.9668     0.987    0.6416   0.02297  0.008705         0
   371/399     1.07G    0.0322   0.01608         0   0.04829         7       384    0.9525    0.9708     0.986    0.6346   0.02323  0.008917         0
   372/399     1.07G   0.03186   0.01625         0   0.04811         6       384    0.9645    0.9578    0.9847    0.6321    0.0229  0.008758         0
   373/399     1.07G   0.03149   0.01607         0   0.04756        10       384     0.959    0.9709    0.9875    0.6439   0.02247  0.008607         0
   374/399     1.07G   0.03121   0.01503         0   0.04623         7       384    0.9569    0.9668    0.9869    0.6431   0.02268  0.008682         0
   375/399     1.07G   0.03134   0.01613         0   0.04747         7       384    0.9604     0.971    0.9856    0.6514   0.02289   0.00866         0
   376/399     1.07G   0.03112    0.0156         0   0.04672         8       384    0.9565    0.9715    0.9861    0.6459   0.02267  0.008705         0
   377/399     1.07G   0.03083   0.01588         0   0.04671         8       384    0.9596    0.9696    0.9862    0.6484   0.02241  0.008596         0
   378/399     1.07G   0.03161   0.01574         0   0.04735         6       384    0.9603    0.9724     0.987    0.6541   0.02236  0.008552         0
   379/399     1.07G    0.0314   0.01601         0   0.04741         6       384     0.961    0.9717    0.9861    0.6501   0.02211  0.008703         0
   380/399     1.07G   0.03198   0.01578         0   0.04776         9       384    0.9576    0.9689    0.9851    0.6604   0.02214  0.008518         0
   381/399     1.07G   0.03103   0.01611         0   0.04714        20       384    0.9442    0.9744    0.9867    0.6378   0.02325  0.008828         0
   382/399     1.07G   0.03089   0.01586         0   0.04675        17       384    0.9641    0.9661    0.9875    0.6517   0.02237  0.008484         0
   383/399     1.07G    0.0316   0.01567         0   0.04727         1       384    0.9596    0.9703     0.987    0.6552   0.02207  0.008499         0
   384/399     1.07G   0.03083   0.01705         0   0.04788         6       384     0.965    0.9723    0.9877    0.6529    0.0221  0.008457         0
   385/399     1.07G   0.03128   0.01603         0   0.04731         4       384    0.9644     0.973    0.9876    0.6551    0.0218  0.008465         0
   386/399     1.07G   0.03111   0.01605         0   0.04716         5       384    0.9668    0.9668    0.9875    0.6496   0.02228   0.00865         0
   387/399     1.07G    0.0304   0.01639         0   0.04679         8       384    0.9586    0.9765    0.9875    0.6557   0.02209  0.008596         0
   388/399     1.07G   0.03079   0.01574         0   0.04653         7       384    0.9694    0.9682    0.9884    0.6579    0.0219  0.008493         0
   389/399     1.07G   0.02976   0.01718         0   0.04694         8       384    0.9603    0.9724    0.9869    0.6545   0.02224  0.008553         0
   390/399     1.07G   0.03055   0.01669         0   0.04724         8       384    0.9628     0.966    0.9868    0.6541   0.02186  0.008494         0
   391/399     1.07G   0.03084   0.01618         0   0.04702         7       384    0.9596    0.9694    0.9854    0.6614   0.02169  0.008468         0
   392/399     1.07G   0.03012   0.01578         0   0.04591         7       384    0.9616    0.9696     0.985    0.6595    0.0214  0.008434         0
   393/399     1.07G   0.03085   0.01579         0   0.04664         4       384    0.9599    0.9751    0.9877    0.6608   0.02137  0.008479         0
   394/399     1.07G    0.0311   0.01553         0   0.04663         5       384    0.9682    0.9675    0.9875    0.6616   0.02113  0.008359         0
   395/399     1.07G   0.03003   0.01484         0   0.04487         2       384     0.963    0.9702    0.9889    0.6547   0.02147  0.008468         0
   396/399     1.07G   0.03128   0.01561         0   0.04689        15       384    0.9667     0.964    0.9881    0.6442   0.02227  0.008618         0
   397/399     1.07G   0.03214   0.01652         0   0.04866         9       384    0.9674    0.9639    0.9867    0.6552   0.02174  0.008435         0
   398/399     1.07G   0.03176   0.01643         0   0.04818         7       384    0.9629    0.9717    0.9882     0.657   0.02211  0.008588         0
   399/399     1.07G     0.031   0.01513         0   0.04613         5       384    0.9636     0.971    0.9876    0.6563   0.02198  0.008391         0
